※一般送配電事業者各社の公表データを元に作成しています,,,,,,,,,,,,
※四捨五入等の関係で合計が合わないことがあります,,,,,,,,,,,,
単位[MWh],,,,,,,,,,,,
月日,時刻,需要,原子力,地熱,水力,火力,バイオマス,風力実績,風力抑制量,太陽光実績,太陽光抑制量,揚水
2021/2/1,0時,96044.1,4167,336,3907.9,86213.6,1604.9,939.7,0,0,0,-1121
2021/2/1,1時,95433,4167,336,3828.9,86878.5,1595.9,955.7,0,0,0,-2330
2021/2/1,2時,97008.3,4168,336,3899.9,87871.7,1596.9,997.8,0,0,0,-1858
2021/2/1,3時,98185.8,4167,336,4208.9,89296.4,1599.9,929.6,0,0,0,-2358
2021/2/1,4時,99077.5,4166,336,4264.9,89715,1598.9,925.7,0,0,0,-1922
2021/2/1,5時,103190.4,4162,336,4552.9,92188,1588.9,1018.6,0,0,0,-661
2021/2/1,6時,114510.2,4165,335,5002.9,101028.5,1590.9,1135.9,0,8,0,1246
2021/2/1,7時,125375.3,4167,337,5488.9,106577.1,1583.9,1201.6,0,2116.8,0,3897
2021/2/1,8時,136976.6,4167,335,5888.9,108707.6,1583.9,1202.6,0,9568.6,0,5526
2021/2/1,9時,140840.4,4169,336,5602.9,107119.7,1570.9,1159.8,0,15643.1,0,5231
2021/2/1,10時,136194.5,4167,335,5064.9,102382.2,1578.9,1212,0,20479.5,0,977
2021/2/1,11時,132662.9,4170,337,4829.9,98494.1,1588.9,1361,0,22358,0,-480
2021/2/1,12時,125105.3,4166,333,4543.9,95228.9,1575.9,1497.2,0,19148.4,0,-1392
2021/2/1,13時,126990.6,4166,336,4505.9,99349.6,1567.9,1547.3,0,16574.9,0,-1056
2021/2/1,14時,125418.6,4165,335,4828.9,100644.5,1554.9,1585.3,0,12333,0,-29
2021/2/1,15時,125511.7,4165,337,5347.9,104044.4,1557.9,1692.7,0,6971.8,0,1396
2021/2/1,16時,128283.1,4166,334,6262.9,108179.3,1563.9,1695.5,0,2043.5,0,4035
2021/2/1,17時,130495.6,4155,334,7063.9,109600.1,1533.9,1741.4,0,98.3,0,5971
2021/2/1,18時,129518.2,4153,333,7372.9,109068.7,1539.9,1820.2,0,1.5,0,5226
2021/2/1,19時,124573.5,4157,332,6896.9,106889.6,1540.9,1896.1,0,0,0,2860
2021/2/1,20時,119007.3,4163,333,6180.9,103991.4,1541.9,1874.1,0,0,0,921
2021/2/1,21時,113321.2,4164,335,5343.9,99841.1,1540.9,1962.3,0,0,0,141
2021/2/1,22時,106746.6,4163,333,5037.9,93826.5,1526.9,1905.3,0,0,0,-47
2021/2/1,23時,101393.8,4166,334,4860.9,90038.7,1528.9,1879.3,0,0,0,-1411
2021/2/2,0時,95493.3,4160,334,4487.9,87314.2,1533.9,2086.3,0,0,0,-4426
2021/2/2,1時,94423.8,4164,332,4592.9,86512.7,1533.9,2301.3,0,0,0,-5019
2021/2/2,2時,96022.9,4166,334,4917.9,86876.6,1536.9,2257.5,0,0,0,-4063
2021/2/2,3時,97328.9,4167,336,5153.9,87222.7,1532.9,2396.4,0,0,0,-3484
2021/2/2,4時,97892.5,4168,335,5458.9,86569.2,1535.9,2460.5,0,0,0,-2633
2021/2/2,5時,100027.8,4165,337,5841.9,86877.2,1539.9,2447.8,0,0,0,-1186
2021/2/2,6時,107607.1,4169,336,6518.9,92603.3,1544.9,2552,0,2,0,-119
2021/2/2,7時,116218.9,4168,335,6823.9,98350.1,1543.9,2625.2,0,1026.8,0,1348
2021/2/2,8時,126852.7,4167,336,7025.9,102402.2,1560.9,2724.7,0,6175,0,2459
2021/2/2,9時,129784.1,4169,336,6780.9,98580.2,1567.9,2877.7,0,15335.4,0,138
2021/2/2,10時,126603.6,4171,329,6127.9,88598,1604.9,2830.3,0,25501.5,0,-2561
2021/2/2,11時,122643.3,4169,324,6103.9,81048.1,1603.9,2771,0,30710.4,0,-4089
2021/2/2,12時,115891.4,4167,325,5991.9,75661.7,1601.9,2746.2,0,32854.7,0,-7453
2021/2/2,13時,118961.6,4169,323,6240.9,78237.4,1605.9,2782.3,0,31192.1,0,-5585
2021/2/2,14時,118427.2,4166,333,6464.9,81176.4,1594.9,2789.2,0,25176.8,0,-3270
2021/2/2,15時,119028,4165,338,6785.9,89329.4,1571.9,2761.5,0,16246.3,0,-2167
2021/2/2,16時,122955.4,4161,340,7824.9,100464.2,1566.9,2755.9,0,5865.5,0,-11
2021/2/2,17時,127736.6,4159,340,8668.9,107083.5,1541.9,2731.1,0,446.2,0,2766
2021/2/2,18時,129890,4159,341,8958.9,108168.8,1550.9,2694.7,0,1.7,0,4013
2021/2/2,19時,126897.8,4167,342,8393.9,106424.6,1545.9,2599.4,0,0,0,3424
2021/2/2,20時,122938.1,4167,344,7418.9,104993.8,1545.9,2560.5,0,0,0,1910
2021/2/2,21時,118364.5,4168,343,6604.9,102343.6,1546.9,2593.1,0,0,0,764
2021/2/2,22時,112421.9,4169,342,6051.9,97461.7,1531.9,2600.4,0,0,0,268
2021/2/2,23時,108258.4,4171,341,5601.9,93918.4,1531.9,2563.2,0,0,0,129
2021/2/3,0時,102889.9,4171,341,5482.9,89905.3,1542.9,2389.8,0,0,0,-935
2021/2/3,1時,101824.6,4168,340,5457.9,90167.4,1529.9,2417.4,0,0,0,-2254
2021/2/3,2時,103518.3,4169,340,5526.9,91370.9,1531.9,2453.6,0,0,0,-1878
2021/2/3,3時,104458.4,4171,340,5597.9,91677.9,1531.9,2418.7,0,0,0,-1285
2021/2/3,4時,105053.3,4168,338,5732.9,91119.8,1533.9,2404.7,0,0,0,-244
2021/2/3,5時,108380.5,4169,338,6453.9,93323.2,1534.9,2478.5,0,0,0,88
2021/2/3,6時,118749,4167,338,6663.9,101819.4,1534.9,2535.8,0,7,0,1681
2021/2/3,7時,127380.6,4168,337,6916.9,105903.1,1543.9,2478,0,2647.7,0,3382
2021/2/3,8時,136210.5,4170,337,7296.9,105991,1565.9,2427,0,11681.7,0,2735
2021/2/3,9時,138850.8,4170,337,6909.9,101373.9,1577.9,2360.5,0,21166.6,0,957
2021/2/3,10時,135921.2,4171,337,6220.9,94006,1582.9,2388.8,0,28178.6,0,-963
2021/2/3,11時,133210.1,4171,340,5587.9,89105.6,1606.9,2388.8,0,31967.9,0,-1951
2021/2/3,12時,126274.3,4167,337,5273.9,83121.6,1627.9,2399.6,0,33696.3,0,-4351
2021/2/3,13時,128176.7,4107,339,5467.9,85468.5,1631.9,2396,0,31747.4,0,-2991
2021/2/3,14時,126149.2,4100,338,5756.9,87765.9,1621.9,2374.9,0,26491.6,0,-2294
2021/2/3,15時,126093.9,4130,338,6341.9,95125.2,1597.9,2274.3,0,17627.6,0,-1343
2021/2/3,16時,129589.1,4150,337,7411.9,107070.9,1576.9,2089.2,0,6432.2,0,516
2021/2/3,17時,134231.3,4171,337,8508.9,112628.6,1578.9,1900.5,0,475.4,0,4627
2021/2/3,18時,136641.9,4169,336,8965.9,113568.6,1563.9,1747.6,0,1.9,0,6290
2021/2/3,19時,133001.5,4167,337,8389.9,112763.1,1557.9,1694.6,0,0,0,4090
2021/2/3,20時,128552.2,4172,333,7365.9,111252.1,1553.9,1588.3,0,0,0,2290
2021/2/3,21時,122950.3,4168,337,6232.9,108150.3,1536.9,1550.2,0,0,0,981
2021/2/3,22時,116242.3,4175,335,5474.9,102827.7,1555.9,1542.8,0,0,0,328
2021/2/3,23時,111556,4170,335,5087.9,98711.7,1549.9,1569.5,0,0,0,135
2021/2/4,0時,106127.7,4175,333,4868.9,94281.4,1572.2,1585.2,0,0,0,-685
2021/2/4,1時,104871.7,4171,336,4891.9,93646.6,1562.2,1578,0,0,0,-1313
2021/2/4,2時,106045.4,4174,333,4987.9,94761.2,1555.2,1621.1,0,0,0,-1381
2021/2/4,3時,106771.7,4174,336,5146.9,95084.6,1557.2,1651,0,0,0,-1179
2021/2/4,4時,106962.4,4176,333,5203.9,95242.3,1559.2,1530,0,0,0,-1077
2021/2/4,5時,110317.5,4170,335,5730.9,96975.4,1567.2,1431,0,0,0,110
2021/2/4,6時,120634.5,4174,331,6211.9,105390.4,1562.2,1318,0,9,0,1636
2021/2/4,7時,129352.8,4176,334,6541.9,109455.1,1565.2,1228,0,2923.6,0,3124
2021/2/4,8時,137951.3,4174,333,6948.9,109683.8,1563.2,1101,0,11577.4,0,2575
2021/2/4,9時,141492,4174,333,6531.9,107233.3,1573.2,1058.1,0,18672.5,0,1914
2021/2/4,10時,138647.4,4171,332,5805.9,102592.2,1587.2,1195,0,22868.1,0,93
2021/2/4,11時,135808.2,4173,334,5103.9,97503.2,1596.2,1557.1,0,26198.8,0,-659
2021/2/4,12時,128488.7,4175,333,4707.9,92046.7,1618.2,2003.1,0,27508.8,0,-3902
2021/2/4,13時,129981.5,4174,333,4904.9,93783.3,1604.2,2368.3,0,26879.8,0,-4072
2021/2/4,14時,127558.1,4172,334,5281.9,93975.9,1614.2,2515.3,0,22524.8,0,-2867
2021/2/4,15時,126582.7,4173,334,6184.9,98678.5,1564.2,2545.4,0,14848.7,0,-1738
2021/2/4,16時,129790.9,4168,332,7318.9,107864.3,1564.2,2574.7,0,5885.8,0,88
2021/2/4,17時,134310.3,4164,334,8293.9,113639.9,1572.2,2501.7,0,523.6,0,3273
2021/2/4,18時,136397.7,4168,334,8666.9,114511.8,1575.2,2456.6,0,2.2,0,4684
2021/2/4,19時,132605.5,4172,336,8400.9,112716.7,1572.2,2413.7,0,0,0,2990
2021/2/4,20時,127931.7,4174,334,7098.9,111005,1573.2,2465.6,0,0,0,1281
2021/2/4,21時,122779.9,4172,335,6113.9,107446.6,1571.2,2478.2,0,0,0,656
2021/2/4,22時,116097.8,4172,335,5572.9,101870.6,1574.2,2390.1,0,0,0,182
2021/2/4,23時,111534.8,4172,335,5282.9,97709.7,1574.2,2346,0,0,0,116
2021/2/5,0時,106034.8,4172,334,4700.9,93829.6,1575.3,2259,0,0,0,-838
2021/2/5,1時,104996.8,4172,333,4529.9,93385.5,1582.3,2223.1,0,0,0,-1232
2021/2/5,2時,106137.2,4173,333,4662.9,94344.9,1576.3,2212.1,0,0,0,-1170
2021/2/5,3時,106887.6,4169,332,4793.9,94963.4,1582.3,2216,0,0,0,-1170
2021/2/5,4時,107206.4,4172,331,4840.9,94509.1,1574.3,2154.1,0,0,0,-382
2021/2/5,5時,110538.4,4176,331,5309.9,96967.1,1585.3,2124.1,0,0,0,46
2021/2/5,6時,121050.4,4170,330,5840.9,105457.2,1591.3,2111,0,13,0,1542
2021/2/5,7時,129192.1,4175,331,6314.9,108288.8,1596.3,2056,0,3180.1,0,3255
2021/2/5,8時,136485.7,4170,332,6894.9,106131.5,1601.3,1916,0,13333,0,2105
2021/2/5,9時,137545.3,4176,332,6240.9,98438.4,1603.3,1831,0,24462.7,0,462
2021/2/5,10時,133023.1,4172,332,5376.9,88345.1,1609.3,1692,0,33351.8,0,-1849
2021/2/5,11時,129329.2,4175,334,5156.9,81414.2,1641.3,1687.1,0,37303.7,1,-2374
2021/2/5,12時,121684.2,4173,334,4951.9,76510.5,1636.3,1763.2,0,37113.3,1,-4803
2021/2/5,13時,123208.6,4173,331,5023.9,79909.5,1639.3,1778.3,0,33465.6,1,-3117
2021/2/5,14時,121711.1,4173,331,5295.9,83776.1,1634.3,1705.4,0,25527.4,0,-732
2021/2/5,15時,121501.5,4175,330,6154.9,91465.4,1609.3,1536.2,0,15298.7,0,942
2021/2/5,16時,123733.8,4170,330,7195.9,102924.3,1602.3,1469.1,0,5088.2,0,951
2021/2/5,17時,127454.4,4167,331,8376.9,108239.7,1596.3,1345.1,0,267.4,0,3140
2021/2/5,18時,128808.9,4167,332,8843.9,109089.8,1601.3,1041.1,0,2.8,0,3730
2021/2/5,19時,124788.1,4169,334,8217.9,107472.8,1600.3,884.1,0,0,0,2108
2021/2/5,20時,119879.9,4169,330,6981.9,104597.3,1598.3,806.4,0,0,0,1398
2021/2/5,21時,114760.5,4173,333,5721.9,101757.7,1597.3,831.6,0,0,0,344
2021/2/5,22時,108867.9,4169,331,5217.9,96607.4,1584.3,922.3,0,0,0,30
2021/2/5,23時,104366.1,4172,332,4700.9,92424.5,1586.3,979.4,0,0,0,171
2021/2/6,0時,98991.3,4174,331,4099.9,88308.5,1599.3,1029.6,0,0,0,-539
2021/2/6,1時,97580.5,4170,329,4048.9,86816.8,1597.3,1072.5,0,0,0,-462
2021/2/6,2時,98726.5,4177,331,4315.9,87108.7,1599.3,1099.6,0,0,0,98
2021/2/6,3時,99258.5,4171,331,4479.9,87249.8,1604.3,1040.5,0,0,0,384
2021/2/6,4時,98750.6,4175,329,4520.9,86617.9,1608.3,1051.5,0,0,0,447
2021/2/6,5時,98163.8,4178,331,4478.9,86200,1607.3,1069.6,0,0,0,301
2021/2/6,6時,100717.8,4172,329,4817.9,88468,1611.3,1101.6,0,8,0,203
2021/2/6,7時,105222,4173,330,5244.9,88998,1615.3,1053.4,0,2859.4,0,949
2021/2/6,8時,110110.3,4173,328,5057.9,84287,1621.3,991.5,0,13071.6,0,579
2021/2/6,9時,110114.3,4177,330,4547.9,75574.8,1650.3,954.6,0,24021.7,0,-1141
2021/2/6,10時,106479.1,4174,328,3990.9,66535.4,1667.3,1046.6,0,32598.9,0,-3863
2021/2/6,11時,103232.7,4172,331,3868.9,62289,1689.3,1088.8,0,36437.7,0,-6644
2021/2/6,12時,99046.3,4176,328,3629.9,59830.9,1696.3,1208.1,0,36768.1,0,-8594
2021/2/6,13時,97189.4,4175,328,3876.9,60353.4,1665.3,1272.9,0,34354.9,0,-8830
2021/2/6,14時,94949.3,4176,329,4098.9,63013.2,1622.3,1416.8,0,28002.1,0,-7701
2021/2/6,15時,94118.1,4173,328,4604.9,67601.4,1612.3,1410.8,0,18581.7,0,-4188
2021/2/6,16時,96486.5,4168,330,5569.9,76863.2,1606.3,1327.5,0,7228.6,0,-615
2021/2/6,17時,102937.6,4167,329,6755.9,84005.8,1598.3,1261.3,0,617.3,0,4205
2021/2/6,18時,107554.4,4167,313,7425.9,86440.3,1541.3,1219.6,0,3.3,0,6441
2021/2/6,19時,106571.5,4174,329,6974.9,86681.4,1598.3,1140.9,0,0,0,5678
2021/2/6,20時,103415.2,4174,329,6227.9,87062.4,1603.3,1107.6,0,0,0,2914
2021/2/6,21時,99757.8,4173,329,4995.9,86077.5,1599.3,1065.1,0,0,0,1521
2021/2/6,22時,95433,4170,329,4224.9,83263.8,1596.3,1057,0,0,0,796
2021/2/6,23時,92541.6,4172,302,3932.9,81326.4,1479.3,972,0,0,0,360
2021/2/7,0時,88686.6,4173,314,3845.9,77549.2,1532.4,976.1,0,0,0,298
2021/2/7,1時,88388.2,4172,313,3811.9,77313.8,1531.4,971.1,0,0,0,277
2021/2/7,2時,90562.6,4173,313,4107.9,78751.1,1532.4,894.2,0,0,0,788
2021/2/7,3時,91998.1,4174,330,4566.9,79137.6,1582.4,926.2,0,0,0,1278
2021/2/7,4時,91844.1,4171,328,4618.9,79016.7,1585.4,939.1,0,0,0,1192
2021/2/7,5時,90777.8,4173,315,4442.9,78511.4,1531.4,889.1,0,0,0,925
2021/2/7,6時,91016.4,4173,328,4447.9,78862.7,1581.4,858.4,0,22,0,746
2021/2/7,7時,93892.8,4174,329,4437.9,78573.2,1579.4,847.4,0,3409.9,0,543
2021/2/7,8時,97555.7,4173,330,4446.9,72683.8,1588.4,823.6,18,13311,184,191
2021/2/7,9時,98136.9,4171,300,4367.9,65310.6,1477.4,966.6,45,23202.4,378,-1657
2021/2/7,10時,96389.7,4174,329,4004.9,61145.3,1569.4,1076.9,63,29861.2,572,-5768
2021/2/7,11時,94370,4173,329,3719.9,59438.9,1557.4,1199.8,87,32960,725,-9006
2021/2/7,12時,92674.7,4175,329,3618.9,61028.6,1585.4,1385.9,105,31314.9,800,-10763
2021/2/7,13時,90558.5,4173,330,3930.9,62063.9,1550.4,1633.8,117,26919.5,791,-10041
2021/2/7,14時,89584.6,4173,328,4114.9,64102.5,1510.4,1765.8,121,21783,686,-8193
2021/2/7,15時,90425.2,4173,329,4645.9,67413.8,1524.4,1828,98,14646.1,500,-4127
2021/2/7,16時,93546.6,4168,330,5386.9,76093,1567.4,1870.3,0,6082,0,-1945
2021/2/7,17時,102604.1,4165,330,6641.9,87792,1557.4,1899.5,0,575.3,0,-349
2021/2/7,18時,107967.3,4164,329,7437.9,91189.8,1554.4,1888.6,0,3.6,0,1403
2021/2/7,19時,107488.9,4170,332,6960.9,91176.8,1557.4,1964.8,0,0,0,1319
2021/2/7,20時,104829.9,4170,331,6006.9,89836,1568.4,1937.6,0,0,0,982
2021/2/7,21時,101286.2,4172,332,5366.9,87760.2,1564.4,1826.7,0,0,0,261
2021/2/7,22時,95429.1,4171,300,4487.9,83548.9,1456.4,1732.9,0,0,0,-269
2021/2/7,23時,92204.4,4173,332,4253.9,81082.7,1557.4,1694.4,0,0,0,-889
2021/2/8,0時,88824.4,4172,315,4049.9,79410,1493.3,1833.2,0,0,0,-2448
2021/2/8,1時,89385,4170,316,3938.9,80678.6,1492.3,1863.2,0,0,0,-3070
2021/2/8,2時,92106.4,4175,316,3935.9,82369.8,1495.3,1938.4,0,0,0,-2131
2021/2/8,3時,94083,4172,332,4263.9,83231.4,1558.3,2148.4,0,0,0,-1618
2021/2/8,4時,95545,4177,330,4558.9,83770.2,1557.3,2224.6,0,0,0,-1069
2021/2/8,5時,99342.8,4177,330,4922.9,86575.7,1553.3,2170.9,0,0,0,-388
2021/2/8,6時,108929.3,4171,330,5274.9,94891.3,1551.3,2213.8,0,28,0,470
2021/2/8,7時,118588.7,4176,330,5864.9,100554.5,1559.3,2138.1,0,2278.9,0,1690
2021/2/8,8時,130429.9,4174,329,6265.9,103062.3,1573.3,2247.3,0,10397.1,0,2377
2021/2/8,9時,134382.9,4178,333,5884.9,100141.2,1589.3,2265.5,0,19313,1,683
2021/2/8,10時,130984.4,4172,333,5376.9,91292.2,1609.3,2321.9,0,26738.1,2,-860
2021/2/8,11時,128971.1,4176,332,4832.9,85186.7,1614.3,2441.1,0,32205.1,2,-1813
2021/2/8,12時,122482.7,4175,333,4571.9,79511.1,1620.3,2499.7,0,33145.7,2,-3370
2021/2/8,13時,125101.1,4174,333,4791.9,83927.1,1600.3,2602.9,0,31009.9,2,-3338
2021/2/8,14時,123944,4175,333,5073.9,88590.4,1592.3,2606.4,0,24453,1,-2874
2021/2/8,15時,124414.6,4176,335,5941.9,95870.1,1574.3,2625.9,0,15469.4,1,-1574
2021/2/8,16時,128330.9,4166,335,7296.9,105051.4,1553.3,2728,0,6176.3,0,1028
2021/2/8,17時,133327,4170,336,8351.9,110884,1547.3,2747.8,0,648,0,4649
2021/2/8,18時,135416.3,4169,334,8748.9,111945.7,1550.3,2684.8,0,3.6,0,5986
2021/2/8,19時,131480,4173,335,8332.9,110015.6,1549.3,2682.2,0,0,0,4396
2021/2/8,20時,126784.7,4175,334,7133.9,107935,1551.3,2685.5,0,0,0,2969
2021/2/8,21時,121841.1,4175,337,6168.9,105636.8,1545.3,2649.1,0,0,0,1322
2021/2/8,22時,115543.1,4175,335,5118.9,101204.9,1537.3,2600,0,0,0,573
2021/2/8,23時,111116.3,4175,335,4774.9,97444.9,1538.3,2575.2,0,0,0,267
2021/2/9,0時,105940.6,4175,335,4229.9,93627.3,1536.3,2563.1,0,0,0,-531
2021/2/9,1時,104932.2,4176,335,4172.9,93579.6,1537.3,2528.4,0,0,0,-1394
2021/2/9,2時,106425.6,4176,334,4143.9,94678.5,1539.3,2503.9,0,0,0,-950
2021/2/9,3時,107338.4,4177,334,4283.9,95370,1536.3,2518.2,0,0,0,-882
2021/2/9,4時,107661.9,4175,334,4341.9,95106.7,1536.3,2499,0,0,0,-327
2021/2/9,5時,111145.9,4177,334,5019.9,97556,1537.3,2442.7,0,0,0,79
2021/2/9,6時,122128.8,4176,333,5483.9,106747.5,1538.3,2326.1,0,21,0,1505
2021/2/9,7時,130886,4176,334,6055.9,110065.7,1535.3,2304.1,0,3526,0,2891
2021/2/9,8時,139027,4174,334,6460.9,108511.2,1534.3,2253.8,0,13677.8,0,2077
2021/2/9,9時,141424.7,4176,334,6233.9,102038.9,1547.3,2222.1,0,24150.5,1,731
2021/2/9,10時,138323.5,4176,333,5109.9,94042.9,1559.3,2234.4,0,31764,1,-890
2021/2/9,11時,135975,4176,336,4395.9,89730.5,1567.3,2320.2,0,35264.1,2,-1818
2021/2/9,12時,128339.2,4172,335,4337.9,84282.5,1575.3,2304.7,0,34962.8,2,-3624
2021/2/9,13時,130485.7,4111,335,4541.9,88050,1562.3,2323.9,0,32528.6,2,-2963
2021/2/9,14時,128372.3,4094,335,4648.9,91427,1560.3,2314.8,0,26033.3,1,-2038
2021/2/9,15時,127828,4122,332,5605.9,97771.8,1549.3,2282.6,0,17220.4,1,-1051
2021/2/9,16時,131161.5,4150,335,7177.9,107911.9,1533.3,2168.3,0,6972.1,0,914
2021/2/9,17時,135711,4165,335,7960.9,113789.5,1526.3,2123.7,0,698.6,0,5112
2021/2/9,18時,138172,4169,332,8414.9,114719,1529.3,2127.4,0,3.4,0,6877
2021/2/9,19時,134496.6,4175,335,8163.9,113702.5,1528.3,2115.9,0,0,0,4484
2021/2/9,20時,129607.7,4175,334,7349.9,112370.7,1529.3,2090.8,0,0,0,1758
2021/2/9,21時,124061.5,4175,334,5909.9,109488.4,1537.3,2055.9,0,0,0,565
2021/2/9,22時,117400.5,4174,334,4798.9,104601.6,1532.3,2043.7,0,0,0,-85
2021/2/9,23時,112594.1,4173,334,4287.9,100515,1536.3,2081.9,0,0,0,-339
2021/2/10,0時,106669.6,4176,331,4142.9,94397.7,1535.3,2100.7,0,0,0,-17
2021/2/10,1時,105133.2,4176,333,4017.9,93177.5,1533.3,2071.5,0,0,0,-169
2021/2/10,2時,106077.9,4173,332,4134.9,93900.9,1533.3,2149.8,0,0,0,-146
2021/2/10,3時,106705.8,4175,333,4208.9,94226.8,1529.3,2111.8,0,0,0,125
2021/2/10,4時,107017.1,4178,332,4200.9,94533,1532.3,1976.9,0,0,0,265
2021/2/10,5時,110392.7,4178,332,4739.9,97289.1,1530.3,1903.4,0,0,0,415
2021/2/10,6時,120683.5,4172,333,5503.9,105614.7,1532.3,1799.6,0,24,0,1705
2021/2/10,7時,128799.1,4177,334,6415.9,107994.2,1543.3,1648.4,0,3931.3,0,2754
2021/2/10,8時,135851.5,4178,331,6102.9,106167.5,1548.3,1599.7,0,14709.1,0,1218
2021/2/10,9時,136445.4,4175,334,5541.9,97174.2,1564.3,1634.5,0,26038.5,0,-13
2021/2/10,10時,132139.8,4180,334,4511.9,88326,1578.3,1795.2,0,33596.4,0,-2177
2021/2/10,11時,128685.9,4178,337,4301.9,82854.2,1552.3,1865.3,0,37567.2,0,-3967
2021/2/10,12時,121232,4178,336,4258.9,77445.8,1521.3,1947.6,0,38349.4,0,-6800
2021/2/10,13時,123299.6,4173,337,4325.9,80520.4,1544.3,1990.6,0,35186.4,0,-4775
2021/2/10,14時,121655.8,4174,334,4508.9,84307.6,1567.3,2001.7,0,28787.3,0,-4025
2021/2/10,15時,120016.8,4175,335,5510.9,90446.1,1553.3,1917.2,0,18434.3,0,-2361
2021/2/10,16時,122477.9,4170,332,7049.9,100486,1531.3,1805.9,0,7116.8,0,-12
2021/2/10,17時,125962.6,4172,334,7887.9,107311.4,1537.3,1773.8,0,635.2,0,2313
2021/2/10,18時,128445.1,4172,334,8415.9,108386.6,1535.3,1830.1,0,2.2,0,3770
2021/2/10,19時,125025.6,4177,336,8088.9,106680.6,1523.3,1749.8,0,0,0,2468
2021/2/10,20時,120775.2,4176,334,7025.9,104858.9,1527.3,1733.1,0,0,0,1123
2021/2/10,21時,115975.5,4178,337,5760.9,101993.8,1533.3,1734.5,0,0,0,439
2021/2/10,22時,110505.4,4175,335,4825.9,97419.9,1524.3,1796.3,0,0,0,433
2021/2/10,23時,106426.6,4179,338,4224.9,94240,1527.3,1788.4,0,0,0,131
2021/2/11,0時,101356.6,4177,335,3923.9,89645.6,1526.2,1716.9,0,0,0,26
2021/2/11,1時,100115.8,4176,336,3905.9,88358.9,1522.2,1768.8,0,0,0,47
2021/2/11,2時,101427.1,4175,333,4257.9,88853.7,1527.2,1800.3,0,0,0,484
2021/2/11,3時,102354.9,4176,336,4513.9,89204.6,1527.2,1776.2,0,0,0,821
2021/2/11,4時,101751.2,4179,334,4390.9,88592.7,1528.2,1734.4,0,0,0,988
2021/2/11,5時,102083.4,4176,335,4227.9,89098,1528.2,1617.3,0,0,0,1094
2021/2/11,6時,105244.9,4178,335,4670.9,91863.1,1532.2,1582.7,0,29,0,1067
2021/2/11,7時,110365.3,4177,336,5058.9,92635.7,1533.2,1658.6,0,3823.9,0,1142
2021/2/11,8時,117195.5,4178,335,4750.9,89571,1525.2,1739.9,0,14235.5,0,865
2021/2/11,9時,118845.7,4177,338,4084.9,82498.8,1538.2,1704,0,24699.8,0,-196
2021/2/11,10時,115455.3,4180,336,3734.9,74599.9,1565.2,1765,0,32583.3,0,-3307
2021/2/11,11時,113027.7,4177,335,3623.9,72025.7,1534.2,1786.7,0,37037.2,0,-7485
2021/2/11,12時,108142.8,4175,332,3679.9,69317.9,1549.2,1771.7,0,36634.1,0,-9321
2021/2/11,13時,107986.9,4176,334,3713.9,70222.4,1561.2,1737.8,0,34096.6,0,-7854
2021/2/11,14時,106830.6,4178,333,3860.9,70971.6,1581.2,1696.7,0,27505.2,0,-3298
2021/2/11,15時,106612.6,4173,335,4299.9,77825.3,1600.2,1651.7,0,17398.5,0,-671
2021/2/11,16時,109807.7,4171,335,5081.9,90357.3,1611.2,1547.7,0,6006.6,0,692
2021/2/11,17時,117090.6,4170,337,6157.9,101104.5,1607.2,1409.7,0,345.3,0,1955
2021/2/11,18時,121325.1,4172,334,7269.9,103621.2,1623.2,1322.8,0,2,0,2977
2021/2/11,19時,119173.9,4177,337,7033.9,102417.1,1630.2,1229.7,0,0,0,2347
2021/2/11,20時,116001.1,4178,336,6252.9,101127.4,1632.2,1102.6,0,0,0,1371
2021/2/11,21時,111224.8,4178,334,5431.9,98041,1630.2,996.7,0,0,0,616
2021/2/11,22時,104797.3,4180,336,4674.9,92969.6,1610.2,867.6,0,0,0,159
2021/2/11,23時,100918.5,4179,338,4116.9,90298.7,1602.2,822.7,0,0,0,-444
2021/2/12,0時,96253.5,4176,335,3773.9,86406.6,1600.3,808.7,0,0,0,-840
2021/2/12,1時,95922.5,4180,334,3721.9,86049.7,1599.3,744.6,0,0,0,-698
2021/2/12,2時,98072.8,4175,334,3641.9,87926.3,1599.3,596.3,0,0,0,-197
2021/2/12,3時,99673.3,4178,334,3905.9,88913.2,1599.3,492.9,0,0,0,257
2021/2/12,4時,100581.3,4175,334,4106.9,89655,1611.3,439.1,0,0,0,259
2021/2/12,5時,103637.1,4177,334,4460.9,92396,1604.3,408.9,0,0,0,257
2021/2/12,6時,112271.7,4179,334,5041.9,100195,1606.3,385.5,0,56,0,467
2021/2/12,7時,119627.2,4174,333,6110.9,103021,1605.3,348.3,0,2691.7,0,1352
2021/2/12,8時,129272.5,4177,334,6273.9,104433.4,1619.3,279,0,9238.9,0,2913
2021/2/12,9時,132975.4,4178,335,5649.9,102064.6,1635.3,232.2,0,17089.4,0,1790
2021/2/12,10時,129353.2,4178,339,4787.9,93244.8,1658.3,206.7,0,24351.5,0,593
2021/2/12,11時,125734.5,4178,339,4247.9,88105.6,1671.3,173.6,0,28460.1,0,-1441
2021/2/12,12時,117732.9,4176,338,3986.9,81350.7,1687.3,159.8,0,29334.2,0,-3307
2021/2/12,13時,119023.5,4180,338,4237.9,83553.8,1687.3,147.3,0,27636.2,0,-2756
2021/2/12,14時,117387.2,4173,336,4710.9,85252.1,1676.3,151.9,0,22786,0,-1703
2021/2/12,15時,115491.8,4174,333,5399.9,91023.8,1658.3,173.2,0,14116.6,0,-1389
2021/2/12,16時,116638.7,4169,332,6798.9,98119.9,1643.3,185,0,5028.6,0,355
2021/2/12,17時,120245.5,4170,331,8190.9,102593.1,1632.3,236.1,0,524.1,0,2575
2021/2/12,18時,122164.7,4168,334,8727.9,103711.2,1643.3,311.6,0,3.7,0,3264
2021/2/12,19時,118700.5,4177,332,8238.9,101476,1642.3,366.3,0,0,0,2468
2021/2/12,20時,114073.6,4177,333,6924.9,98620.5,1635.3,442.9,0,0,0,1948
2021/2/12,21時,109415,4177,330,5168.9,96444.9,1634.3,510.9,0,0,0,1149
2021/2/12,22時,104558.1,4177,335,4256.9,92957.1,1621.3,535.8,0,0,0,675
2021/2/12,23時,100584.8,4176,334,3994.9,89709.5,1623.3,544.1,0,0,0,207
2021/2/13,0時,95471.3,4177,332,3487.9,85338,1633.3,592.1,0,0,0,-89
2021/2/13,1時,94162.2,4176,333,3475.9,83807.3,1638.3,652.7,0,0,0,82
2021/2/13,2時,95707.4,4177,334,3755.9,84772.3,1645.3,616.9,0,0,0,402
2021/2/13,3時,96768.4,4176,331,4171.9,85150.9,1647.3,577.3,0,0,0,719
2021/2/13,4時,96493.9,4178,333,4369.9,84609.2,1652.3,549.5,0,0,0,808
2021/2/13,5時,96111.4,4175,333,4098.9,84588,1659.3,585.2,0,0,0,663
2021/2/13,6時,97935.8,4182,333,4346.9,85636.4,1657.3,619.2,0,54,0,1106
2021/2/13,7時,101305.7,4176,333,4519.9,84174.5,1655.3,621.9,0,4073.1,0,1757
2021/2/13,8時,106059.3,4178,333,4320.9,80654.7,1666.3,554.3,0,14047.1,0,305
2021/2/13,9時,106859.9,4176,330,3816.9,73668.7,1669.3,492.1,0,24196.9,0,-1487
2021/2/13,10時,103336,4179,333,3198.9,65852.9,1688.3,440,0,31916.9,0,-4275
2021/2/13,11時,100689.9,4175,333,3118.9,62672.8,1716.3,429,0,36119.9,0,-7875
2021/2/13,12時,96850.6,4180,332,3079.9,60448.2,1726.3,461.1,0,35755.1,0,-9127
2021/2/13,13時,96028.2,4173,331,3109.9,61995,1711.3,456.2,0,32419.8,0,-8170
2021/2/13,14時,94346.2,4179,333,3279.9,63457.4,1686.3,437.7,0,25642.9,0,-4669
2021/2/13,15時,93164.4,4179,331,3900.9,66368.9,1677.3,485.3,0,16406,0,-182
2021/2/13,16時,94217.6,4167,334,4912.9,73812.8,1680.3,545.4,0,6195.2,0,2575
2021/2/13,17時,99750.5,4171,330,6214.9,82333.3,1669.3,615.9,0,631.1,0,3789
2021/2/13,18時,103660.9,4171,331,6908.9,86076,1674.3,693,0,1.7,0,3808
2021/2/13,19時,102159.3,4174,334,6573.9,84904.5,1673.3,742.6,0,0,0,3751
2021/2/13,20時,99129.3,4179,331,5529.9,84148.2,1677.3,830.9,0,0,0,2433
2021/2/13,21時,95037.4,4177,331,4668.9,80270.5,1674.3,814.7,0,0,0,3102
2021/2/13,22時,90771.7,4177,332,3721.9,78010.7,1663.3,793.8,0,0,0,2078
2021/2/13,23時,86675.9,4180,331,3622.9,75207.4,1534.3,783.3,0,0,0,1021
2021/2/14,0時,83126.3,4176,329,3876.9,72785.6,1504.4,806.4,0,0,0,-352
2021/2/14,1時,82711.1,4176,330,3852.9,72774.1,1511.4,811.7,0,0,0,-747
2021/2/14,2時,85224,4175,330,4063.9,74319.3,1521.4,813.4,0,0,0,0
2021/2/14,3時,86850.4,4175,331,4618.9,75191.2,1525.4,833.9,0,0,0,179
2021/2/14,4時,86900,4174,330,4768.9,75065,1523.4,780.7,0,0,0,255
2021/2/14,5時,85577.8,4177,330,4557.9,74015.1,1524.4,744.4,0,0,0,230
2021/2/14,6時,84838,4173,330,5206.9,72578,1524.4,764.7,0,46,0,217
2021/2/14,7時,87104.5,4180,331,5019.9,71264.3,1535.4,788.3,0,3695.6,0,289
2021/2/14,8時,90947.5,4176,327,4477.9,66770.7,1559.4,776.4,0,13241.1,0,-380
2021/2/14,9時,91626.6,4178,330,3694.9,60481.5,1561.4,721.3,0,23306.5,0,-2640
2021/2/14,10時,90114.9,4179,329,3412.9,55395.2,1586.4,747,0,30731.4,0,-6265
2021/2/14,11時,88489.8,4177,331,3348.9,53185.5,1617.4,747.6,0,35007.4,0,-9915
2021/2/14,12時,87148.1,4179,329,3339.9,52838.6,1630.4,726.5,0,34495.7,0,-10381
2021/2/14,13時,85421.5,4176,330,3311.9,53985.6,1620.4,646.4,0,30750.2,0,-9402
2021/2/14,14時,83319.3,4180,331,3528.9,57603.9,1598.4,623.5,0,23280.6,0,-7827
2021/2/14,15時,83595.3,4175,330,4420.9,61449.2,1580.4,583.7,0,14832.1,0,-3769
2021/2/14,16時,86095.9,4169,331,5474.9,69161.4,1572.4,579.3,0,5310.9,0,-494
2021/2/14,17時,93450.6,4167,331,7046.9,78621.5,1568.4,615.8,0,362,0,745
2021/2/14,18時,97755.8,4171,331,7747.9,82715.2,1571.4,624.7,0,4.6,0,595
2021/2/14,19時,96444.2,4181,330,7279.9,82508.6,1572.4,628.3,0,0,0,-55
2021/2/14,20時,93279.3,4175,331,6173.9,80437.7,1566.4,707.3,0,0,0,-114
2021/2/14,21時,89385.8,4178,332,4975.9,77725,1559.4,731.5,0,0,0,-109
2021/2/14,22時,84350.5,4180,331,4131.9,74064.4,1546.4,730.8,0,0,0,-637
2021/2/14,23時,81524.1,4176,331,3872.9,73009.9,1545.4,724.9,0,0,0,-2144
2021/2/15,0時,78130.9,4178,330,3739.9,70709.5,1541.3,679.2,0,0,0,-3054
2021/2/15,1時,78536,4176,329,3814.9,71205.7,1540.3,679.1,0,0,0,-3208
2021/2/15,2時,81684.6,4178,331,3985.9,73639.8,1537.3,701.6,0,0,0,-2692
2021/2/15,3時,84044,4174,331,4399.9,74663,1541.3,831.8,0,0,0,-1895
2021/2/15,4時,85226.8,4177,330,4740.9,74390.8,1539.3,918.8,0,0,0,-875
2021/2/15,5時,86633.4,4174,329,5203.9,74333.9,1529.3,1062.3,0,0,0,-1
2021/2/15,6時,92142.8,4175,332,5640.9,79004.6,1527.3,1251,0,21,0,189
2021/2/15,7時,100926.2,4178,333,6040.9,85437.8,1530.3,1403.8,0,1089.4,0,914
2021/2/15,8時,113499.1,4173,330,6497.9,93095.5,1538.3,1520.5,0,3790.9,0,2555
2021/2/15,9時,120575.4,4179,330,6880.9,96243.4,1544.3,1614.3,0,6226.5,0,3562
2021/2/15,10時,121267.7,4177,331,6936.9,95804.1,1545.3,1620.8,0,8909.6,0,1948
2021/2/15,11時,121035.5,4177,331,6640.9,94567.2,1544.3,1600.7,0,10759.4,0,1420
2021/2/15,12時,116050.4,4175,332,6109.9,90672.3,1550.3,1600.5,0,12230.4,0,-620
2021/2/15,13時,119147.5,4117,333,6468.9,92544,1529.3,1631,0,11983.3,0,551
2021/2/15,14時,116335.1,4103,333,6855.9,91058.6,1527.3,1604.7,0,11263.6,0,-409
2021/2/15,15時,115035.6,4125,336,7526.9,90874.6,1532.3,1665.9,0,9102.9,0,-126
2021/2/15,16時,115885.2,4145,335,8530.9,92927.6,1537.3,1666.3,0,4640.1,0,2108
2021/2/15,17時,116439.2,4163,339,9184.9,96359.8,1528.3,1720.5,0,673.7,0,2467
2021/2/15,18時,117218.1,4169,335,9594.9,96424.4,1530.3,1827.5,0,3,0,3339
2021/2/15,19時,112954,4174,339,8979.9,93537.1,1537.3,1845.7,0,0,0,2547
2021/2/15,20時,108092.1,4172,338,8161.9,91252.1,1535.3,1931.8,0,0,0,695
2021/2/15,21時,103606.5,4174,340,7227.9,88046.9,1521.3,2186.4,0,0,0,109
2021/2/15,22時,98684.8,4175,337,6700.9,83872.3,1513.3,2446.3,0,0,0,-356
2021/2/15,23時,94368.1,4175,338,6360.9,80372.3,1498.3,2551.6,0,0,0,-927
2021/2/16,0時,89538.8,4176,336,6367.9,76757.5,1485.3,2602.1,0,0,0,-2178
2021/2/16,1時,89172.3,4175,337,6218.9,77531.2,1483.3,2532.9,0,0,0,-3102
2021/2/16,2時,91753.7,4174,337,6267.9,79465.1,1483.3,2332.4,0,0,0,-2307
2021/2/16,3時,94334.3,4176,338,6289.9,81095.1,1487.3,2224,0,0,0,-1282
2021/2/16,4時,95864.2,4176,338,6239.9,80985.9,1485.3,2115.1,0,1,0,532
2021/2/16,5時,98810.3,4176,338,6442.9,83587.8,1486.3,1936.3,0,1,0,846
2021/2/16,6時,106253.7,4174,339,6787.9,89394.9,1488.3,1822.6,0,67,0,2180
2021/2/16,7時,112305.7,4176,339,7035.9,90642.9,1496.3,1764.9,0,4315.7,0,2535
2021/2/16,8時,120394.7,4176,339,7198.9,89854.1,1510.3,1613.7,0,14649.7,0,1054
2021/2/16,9時,123880.5,4177,337,7020.9,84001.6,1521.3,1501.7,0,25320,0,5
2021/2/16,10時,122172,4175,341,6230.9,77427.2,1522.3,1453.6,0,33398,0,-2373
2021/2/16,11時,120942.4,4176,341,6150.9,73425.9,1514.3,1464.6,0,38613.7,0,-4744
2021/2/16,12時,114891.6,4176,340,6019.9,69950.7,1483.3,1529.5,0,39479.2,0,-8092
2021/2/16,13時,117514.9,4175,340,6059.9,73454.1,1490.3,1612.2,0,36896.4,0,-6509
2021/2/16,14時,116410.6,4176,341,6210.9,76426.1,1529.3,1639.5,0,30067.8,0,-3973
2021/2/16,15時,115768.8,4176,338,6715.9,82905.3,1523.3,1609.9,0,19948.4,0,-1445
2021/2/16,16時,118615.9,4176,341,7388.9,94768.1,1502.3,1557.6,0,8599,0,286
2021/2/16,17時,122444.3,4167,338,8337.9,102976.3,1505.3,1580.7,0,1031.1,0,2508
2021/2/16,18時,125304.5,4170,338,8926.9,104813.7,1505.3,1575,0,5.6,0,3971
2021/2/16,19時,122071.9,4170,338,8563.9,103665.7,1505.3,1593,0,1,0,2229
2021/2/16,20時,117791.4,4171,339,7737.9,101570.5,1504.3,1575.7,0,0,0,900
2021/2/16,21時,112990.1,4174,339,6855.9,98144.4,1504.3,1628.5,0,0,0,349
2021/2/16,22時,107538.3,4174,337,6412.9,93534.8,1496.3,1686.3,0,0,0,-102
2021/2/16,23時,103374.1,4174,339,6052.9,89731.7,1496.3,1764.2,0,0,0,-184
2021/2/17,0時,98174,4174,339,5795.9,86671.3,1507.3,1837.5,0,0,0,-2157
2021/2/17,1時,97152.3,4174,338,5754.9,86543.6,1501.3,1950.5,0,0,0,-3109
2021/2/17,2時,98901.2,4175,337,5778.9,87244.9,1503.3,2004.1,0,0,0,-2146
2021/2/17,3時,100602.1,4174,337,6026.9,87973.6,1505.3,2019.3,0,0,0,-1434
2021/2/17,4時,101724.5,4176,338,5914.9,88290.2,1514.3,2099.1,0,0,0,-603
2021/2/17,5時,104924.6,4175,337,6033.9,90433.4,1518.3,2160,0,1,0,261
2021/2/17,6時,113627.5,4176,337,6243.9,98570.9,1508.3,2172.4,0,73,0,546
2021/2/17,7時,120598.2,4175,336,6626.9,100926.2,1508.3,2170.7,0,3726.1,0,1140
2021/2/17,8時,130823,4174,339,7312.9,101295.9,1521.3,2152.8,0,11707.1,0,2314
2021/2/17,9時,136091.1,4176,339,6948.9,98709.7,1535.3,2196.9,0,20204.3,0,1985
2021/2/17,10時,134608.1,4176,342,6059.9,92559.4,1557.3,2282.7,0,26632.8,0,997
2021/2/17,11時,132611.5,4174,340,5656.9,89536.1,1563.3,2371.1,0,29699.1,0,-721
2021/2/17,12時,126958.7,4176,340,5529.9,87632.6,1580.3,2417.4,0,29460.5,0,-4180
2021/2/17,13時,130088,4176,341,5543.9,91557.3,1551.3,2498.6,0,26282.9,0,-1862
2021/2/17,14時,129389.1,4175,339,5875.9,94955.3,1539.3,2472.7,0,20435.9,0,-401
2021/2/17,15時,129814.6,4175,337,6366.9,101647.9,1532.3,2589,0,12846.5,0,323
2021/2/17,16時,133403,4172,340,8236.9,108294,1521.3,2606.1,0,5582.7,0,2645
2021/2/17,17時,137769.1,4168,339,9092.9,111385.7,1521.3,2585,0,672.2,0,8000
2021/2/17,18時,140699.4,4177,338,9307.9,112903.6,1522.3,2516,0,4.6,0,9932
2021/2/17,19時,137506.5,4170,337,8934.9,112109.4,1521.3,2459.9,0,0,0,7976
2021/2/17,20時,133064.9,4174,339,7799.9,111385.6,1535.3,2413.1,0,0,0,5419
2021/2/17,21時,127368.8,4176,338,7053.9,109078.5,1554.3,2277.1,0,0,0,2889
2021/2/17,22時,120302.6,4176,338,6108.9,104432.7,1545.3,2275.7,0,0,0,1429
2021/2/17,23時,115666.6,4175,337,5681.9,102113.2,1538.3,2242.2,0,0,0,-418
2021/2/18,0時,109731.4,4176,337,5502.9,101046.1,1517.2,2192.2,0,0,0,-5036
2021/2/18,1時,108056.6,4175,336,5487.9,101263.3,1517.2,2167.2,0,0,0,-6885
2021/2/18,2時,108714.7,4176,337,5470.9,101817.8,1519.2,2178.8,0,0,0,-6782
2021/2/18,3時,109257,4177,338,5494.9,102375.2,1516.2,2177.7,0,0,0,-6816
2021/2/18,4時,109388.7,4175,334,5625.9,102566.8,1519.2,2087.8,0,0,0,-6924
2021/2/18,5時,112991.6,4176,337,5945.9,103041.8,1519.2,2121.7,0,0,0,-4156
2021/2/18,6時,123811.4,4175,335,6545.9,108035.5,1521.2,2133.8,0,83,0,987
2021/2/18,7時,132169.1,4177,335,7319.9,109869.8,1532.2,2015.2,0,4192,0,2730
2021/2/18,8時,141773.6,4175,338,7424.9,110183.9,1551.2,2019,0,13322.6,0,2765
2021/2/18,9時,145927.6,4176,339,7008.9,106557.6,1565.2,2011.4,0,22344.5,0,1926
2021/2/18,10時,143776.6,4177,339,5957.9,100631.6,1574.2,2055.8,0,28680.1,0,367
2021/2/18,11時,141508.1,4176,341,5547.9,98086.6,1572.2,2141.1,0,31399.3,0,-1761
2021/2/18,12時,134218.7,4178,342,5461.9,94698.9,1569.2,2202.8,0,30166.9,0,-4404
2021/2/18,13時,135934.7,4175,341,5918.9,96423.4,1551.2,2198,0,27024.2,0,-1693
2021/2/18,14時,134751.2,4177,337,6584.9,98304.5,1544.2,2260.8,0,21781.8,0,-240
2021/2/18,15時,134269,4174,340,7120.9,104260.1,1538.2,2205,0,14218.8,0,409
2021/2/18,16時,137595.4,4170,338,8095.9,111794.3,1519.2,2216.4,0,5928.6,0,3541
2021/2/18,17時,141398.8,4172,339,9005.9,114863,1533.2,2251.2,0,648.5,0,8591
2021/2/18,18時,143611.9,4173,336,9592.9,115654.6,1529.2,2220.4,0,4.8,0,10100
2021/2/18,19時,139420.3,4169,340,9126.9,114543.3,1513.2,2201.9,0,0,0,7530
2021/2/18,20時,134106.1,4175,338,7895.9,113486.8,1517.2,2176.2,0,0,0,4513
2021/2/18,21時,128129.8,4175,338,6827.9,110731.7,1514.2,2125,0,0,0,2418
2021/2/18,22時,120252.7,4175,338,6030.9,104648.1,1517.2,2159.5,0,0,0,1384
2021/2/18,23時,115061.4,4177,339,5432.9,100538.6,1509.2,2104.7,0,0,0,959
2021/2/19,0時,108939.9,4177,336,5107.9,95671.3,1508.3,2015.4,0,0,0,124
2021/2/19,1時,106842.6,4177,337,5074.9,94313.8,1507.3,1959.6,0,0,0,-522
2021/2/19,2時,107365.7,4178,336,5160.9,94851.9,1510.3,1905.6,0,0,0,-575
2021/2/19,3時,107849.9,4177,338,5169.9,95319.1,1513.3,1907.6,0,0,0,-575
2021/2/19,4時,107847.9,4178,336,5270.9,95016.4,1517.3,1850.3,0,0,0,-319
2021/2/19,5時,111211.4,4176,336,5614.9,97984.8,1529.3,1874.4,0,0,0,-294
2021/2/19,6時,121690,4177,337,6583.9,105034.2,1532.3,1871.6,0,117,0,2031
2021/2/19,7時,129427.5,4177,335,7370.9,106141.2,1534.3,1800,0,4231.1,0,3832
2021/2/19,8時,137709.6,4175,335,7453.9,105332.5,1545.3,1807.2,0,12687.7,0,4373
2021/2/19,9時,140901.9,4175,338,6972.9,101271.1,1547.3,1739.4,0,21788.2,0,3070
2021/2/19,10時,137256.3,4177,337,5976.9,92595,1525.3,1752.2,0,30065.9,0,832
2021/2/19,11時,133203.2,4178,336,5445.9,85300.2,1543.3,1820.2,0,35146.6,0,-574
2021/2/19,12時,125175.5,4175,336,5003.9,77835.5,1543.3,1907.2,0,37860.6,0,-3482
2021/2/19,13時,125404.8,4176,336,4967.9,78929.1,1540.3,1921.1,0,37187.4,0,-3651
2021/2/19,14時,122432.1,4177,335,5348.9,80665.5,1550.3,1851.1,0,32008.3,0,-3508
2021/2/19,15時,120391,4175,336,6315.9,86130.4,1541.3,1747.8,0,22410.6,0,-2269
2021/2/19,16時,122606.6,4175,336,7523.9,97092.5,1542.3,1681.7,0,10203.2,0,54
2021/2/19,17時,126032.8,4165,334,8695.9,105682.2,1535.3,1573.7,0,1360.7,0,2685
2021/2/19,18時,129684,4169,334,9294.9,107365.1,1530.3,1578.5,0,4.2,0,5411
2021/2/19,19時,126756,4174,336,8921.9,106596.5,1513.3,1661.3,0,0,0,3558
2021/2/19,20時,122362.2,4176,336,8039.9,104593.9,1503.3,1562.1,0,0,0,2153
2021/2/19,21時,117647.7,4174,335,7073.9,101732.5,1501.3,1561,0,0,0,1266
2021/2/19,22時,112017.3,4176,334,5978.9,97430.1,1508.3,1472,0,0,0,1114
2021/2/19,23時,108097.7,4174,337,5496.9,94263.5,1506.3,1519,0,0,0,806
2021/2/20,0時,102659.5,4176,305,4773.9,89950.3,1416.3,1580,0,0,0,458
2021/2/20,1時,101163.1,4175,307,4736.9,88561.9,1437.3,1687,0,0,0,259
2021/2/20,2時,101968.5,4175,319,4958.9,88680.2,1495.3,1737.1,0,0,0,607
2021/2/20,3時,102148.5,4176,321,5186.9,88182.2,1495.3,1795.1,0,0,0,991
2021/2/20,4時,101164.4,4177,333,5174.9,87260.1,1537.3,1865.1,0,0,0,825
2021/2/20,5時,100592.8,4177,334,5129.9,86849.6,1530.3,1943,0,0,0,624
2021/2/20,6時,103639.6,4175,334,5599.9,89045.4,1528.3,1986,0,165,0,804
2021/2/20,7時,107640.7,4175,320,5664.9,86988.4,1482.3,1955,0,5945.1,0,1116
2021/2/20,8時,111143,4176,320,4984.9,80238.9,1495.3,1968,0,17242.9,234,718
2021/2/20,9時,111001.5,4174,319,4275.9,70933.1,1508.3,1972.1,0,27780.1,446,39
2021/2/20,10時,107326.8,4175,331,4140.9,61357.7,1573.3,2077.1,0,35643.8,634,-1970
2021/2/20,11時,104199.3,4175,332,4159.9,57777.7,1529.3,2163.1,0,39779.3,744,-5715
2021/2/20,12時,99731.7,4175,305,4181.9,56636.8,1411.3,2134.1,0,40163.6,777,-9278
2021/2/20,13時,98166.1,4174,332,4164.9,57553.4,1500.3,2095.2,0,37066.3,751,-8721
2021/2/20,14時,95813.2,4175,332,4287.9,58149.4,1529.3,2036.3,0,30267.3,649,-4966
2021/2/20,15時,94486.8,4174,318,4592.9,63925.6,1506.3,2061.1,0,20385.9,490,-2474
2021/2/20,16時,96290.4,4167,318,5440.9,73506.2,1493.3,2082.1,0,9330.9,0,-42
2021/2/20,17時,101087.2,4165,332,6865.9,81753.3,1535.3,2080.1,0,1283.6,0,3078
2021/2/20,18時,105510.1,4167,333,7665.9,85358.4,1533.3,2099,0,8.5,0,4347
2021/2/20,19時,104385.2,4174,333,7130.9,84805,1535.3,2207,0,0,0,4191
2021/2/20,20時,101418.6,4175,332,6524.9,83204.4,1541.3,2249,0,0,0,3390
2021/2/20,21時,97410.2,4174,333,5771.9,81761,1543.3,2307,0,0,0,1526
2021/2/20,22時,92586.7,4172,332,5015.9,79147.5,1530.3,2285,0,0,0,106
2021/2/20,23時,89840,4176,332,4846.9,76830.8,1529.3,2200,0,0,0,-69
2021/2/21,0時,85754.4,4176,333,4791.9,73121.1,1529.4,2164,0,0,0,-353
2021/2/21,1時,85418.6,4174,332,4893.9,72488.3,1528.4,2099,0,0,0,-97
2021/2/21,2時,87510.2,4176,333,5163.9,73934.9,1529.4,1996,0,0,0,370
2021/2/21,3時,89236.6,4176,333,5541.9,75033.3,1530.4,1910,0,0,0,709
2021/2/21,4時,89039.2,4176,333,5842.9,75089.9,1533.4,1727,0,0,0,337
2021/2/21,5時,87602.7,4176,330,5914.9,74325.4,1530.4,1675,0,0,0,-353
2021/2/21,6時,86969.5,4177,332,5575.9,73963.2,1527.4,1714,0,170,0,-486
2021/2/21,7時,88374.8,4177,332,5144.9,70721.1,1531.4,1609,0,5614.4,0,-754
2021/2/21,8時,90503.5,4179,333,4886.9,62944.8,1563.4,1438,73,17118.4,535,-1957
2021/2/21,9時,90513.7,4177,333,4686.9,56556.4,1608.4,1374.1,93,27797.9,989,-6019
2021/2/21,10時,88639,4177,334,4519.9,51293,1579.4,1379.2,112,35688.5,1369,-10331
2021/2/21,11時,87512.7,4175,331,4466.9,49287.9,1539.4,1379.3,149,40291.2,1637,-13949
2021/2/21,12時,86034.9,4177,332,4528.9,48417.3,1534.4,1382.3,178,40833,1750,-15163
2021/2/21,13時,83765.1,4179,332,4524.9,48943.8,1541.4,1305.3,188,37868.7,1680,-14931
2021/2/21,14時,81889.2,4176,332,4653.9,50782.8,1540.4,1212.5,188,31197.6,1498,-12002
2021/2/21,15時,81574.1,4177,331,5153.9,53681.6,1581.4,1149.3,171,21271.9,1176,-5772
2021/2/21,16時,84361.4,4176,332,5971.9,62350.4,1560.4,1169.2,0,9862.5,0,-1065
2021/2/21,17時,90850.8,4168,333,7490.9,73799.2,1548.4,1053.1,0,1420.2,0,1041
2021/2/21,18時,96260.1,4168,332,8174.9,79154,1563.4,936,0,7.8,0,1918
2021/2/21,19時,95472.5,4170,333,7808.9,79682.2,1568.4,815,0,0,0,1105
2021/2/21,20時,93228.3,4175,332,7165.9,78416.8,1596.4,804.2,0,0,0,741
2021/2/21,21時,89533.2,4177,332,6597.9,75541.7,1604.4,755.2,0,0,0,527
2021/2/21,22時,84912.5,4177,330,5851.9,72258,1591.4,743.2,0,0,0,-41
2021/2/21,23時,82612,4175,331,5423.9,70588.3,1592.4,809.4,0,0,0,-314
2021/2/22,0時,79544.1,4176,330,5312.9,67847.5,1594.3,838.4,0,0,0,-551
2021/2/22,1時,80151,4175,330,5311.9,68469.2,1591.3,860.6,0,0,0,-588
2021/2/22,2時,83330.4,4177,329,5209.9,70893.8,1590.3,886.4,0,0,0,242
2021/2/22,3時,85900.5,4177,331,5468.9,72693.1,1592.3,949.2,0,0,0,693
2021/2/22,4時,87546.3,4175,331,5739.9,73707,1591.3,1057.1,0,0,0,952
2021/2/22,5時,89995.4,4175,331,5860.9,76323.1,1591.3,1120.1,0,0,0,595
2021/2/22,6時,96341.6,4176,329,6355.9,81093.4,1590.3,1120,0,173,0,1506
2021/2/22,7時,102332.9,4174,330,6900.9,80788.4,1592.3,1219,0,6035.3,0,1289
2021/2/22,8時,109287.9,4177,328,6420.9,77593.1,1602.3,1175,0,17868.6,0,125
2021/2/22,9時,111499.2,4179,329,5824.9,70130.2,1626.3,1257.2,0,28629.6,1,-478
2021/2/22,10時,109152.5,4176,310,5355.9,61603.7,1653.3,1354.5,0,36374.1,1,-1674
2021/2/22,11時,107692.3,4176,308,5156.9,58579,1668.3,1366.5,0,39619.6,1,-3189
2021/2/22,12時,101983.1,4177,309,5185.9,55380.5,1680.3,1375.8,0,39765.6,1,-5895
2021/2/22,13時,104497.5,4176,308,5351.9,57894.8,1696.3,1258.7,0,36984.8,1,-3172
2021/2/22,14時,103376.6,4177,308,5588.9,60579.2,1695.3,1316.4,0,30896.8,1,-1180
2021/2/22,15時,102017.5,4177,324,6528.9,66112.3,1683.3,1304.2,0,21221.8,1,670
2021/2/22,16時,102692,4167,329,7624.9,74785.1,1664.3,1316,0,9643.7,0,3161
2021/2/22,17時,103775.1,4169,326,8838.9,81168.7,1637.3,1384,0,1371.2,0,4884
2021/2/22,18時,105573.9,4171,325,9358.9,82933.8,1642.3,1313,0,7.9,0,5817
2021/2/22,19時,102569,4174,328,9027.9,82112.8,1637.3,1295,0,0,0,3995
2021/2/22,20時,98561.1,4176,327,8110.9,82188.9,1636.3,1266,0,0,0,855
2021/2/22,21時,95112.1,4176,326,7320.9,79932.9,1641.3,1338,0,0,0,374
2021/2/22,22時,91522.7,4173,328,6556.9,77193.5,1625.3,1418,0,0,0,234
2021/2/22,23時,88571.1,4175,314,6008.9,74961.9,1576.3,1563,0,0,0,-26
2021/2/23,0時,84648.3,4173,326,5605.9,71769.1,1624.3,1688,0,0,0,-534
2021/2/23,1時,84448.1,4177,329,5535.9,71303.9,1617.3,1740,0,0,0,-259
2021/2/23,2時,86966.9,4175,327,5460.9,73380.5,1623.3,1935.2,0,0,0,60
2021/2/23,3時,88875.2,4175,316,5696.9,74786.8,1575.3,2052.2,0,0,0,274
2021/2/23,4時,89070.4,4175,328,5840.9,74173.2,1627.3,2213,0,1,0,713
2021/2/23,5時,88271.2,4174,330,5876.9,73260,1625.3,2318,0,0,0,679
2021/2/23,6時,88949,4173,301,5967.9,73953.8,1509.3,2304,0,213,0,520
2021/2/23,7時,92081.8,4174,315,6301.9,71608.4,1553.3,2346.2,0,5627,0,164
2021/2/23,8時,98822.1,4173,330,6294.9,68353.7,1602.3,2359.2,0,16187,256,-485
2021/2/23,9時,102661.1,4173,332,6212.9,64921.1,1621.3,2309,0,25241.8,471,-2148
2021/2/23,10時,102813.2,4173,331,5998.9,60808.1,1619.3,2298,0,33284.9,703,-5697
2021/2/23,11時,102764.9,4175,331,5691.9,58344.9,1604.3,2269.2,0,37820.6,840,-7471
2021/2/23,12時,100335.9,4172,329,5601.9,57466.3,1616.3,2292.1,0,38609.3,876,-9745
2021/2/23,13時,101583.6,4173,331,5629.9,59235.9,1615.3,2329.2,0,36206.3,855,-7938
2021/2/23,14時,100452.1,4173,329,5794.9,61582.2,1642.3,2333.3,0,30553.4,739,-5957
2021/2/23,15時,100171.6,4174,330,6070.9,66696.4,1669.3,2326.4,0,20667.6,564,-1760
2021/2/23,16時,102928.7,4173,331,7052.9,77925.1,1661.3,2280.3,0,9008.1,0,496
2021/2/23,17時,109300.9,4166,332,8023.9,89463.9,1648.3,2222.5,0,1252.3,0,2191
2021/2/23,18時,114734.2,4168,330,8526.9,93362.1,1648.3,2195,0,5.9,0,4493
2021/2/23,19時,113333.2,4170,333,8486.9,93368.2,1651.3,2160.8,0,0,0,3159
2021/2/23,20時,110729.6,4177,332,7691.9,92458.7,1651.3,2049.7,0,0,0,2371
2021/2/23,21時,106778.6,4177,331,7187.9,89997.9,1638.3,2016.5,0,0,0,1429
2021/2/23,22時,101248,4175,331,6449.9,86236.9,1629.3,1986.9,0,0,0,438
2021/2/23,23時,97805.5,4176,334,5986.9,83600.4,1629.3,1987.9,0,0,0,97
2021/2/24,0時,93387.5,4177,330,5712.9,82126.2,1621.3,2037.1,0,0,0,-2619
2021/2/24,1時,93131.9,4177,333,5730.9,82140.1,1621.3,2048.6,0,0,0,-2921
2021/2/24,2時,95292.4,4172,331,5807.9,83811.5,1624.3,2056.7,0,0,0,-2514
2021/2/24,3時,97380.5,4177,332,5964.9,85262.4,1620.3,2068.9,0,0,0,-2044
2021/2/24,4時,98487.6,4175,332,6214.9,86122.5,1623.3,2042.9,0,0,0,-2022
2021/2/24,5時,101616.6,4177,332,6622.9,87003.6,1623.3,2055.8,0,0,0,-194
2021/2/24,6時,110102.3,4176,330,7005.9,93111.4,1637.3,2039.7,0,248,0,1557
2021/2/24,7時,116685.8,4175,332,7268.9,92880.2,1623.3,1978.2,0,6582.2,0,1852
2021/2/24,8時,124740.8,4174,332,7098.9,90264.9,1638.3,1937,35,18369.7,211,934
2021/2/24,9時,127974.1,4179,332,6586.9,84421.9,1638.3,1926.9,42,29165.1,376,-272
2021/2/24,10時,125313.9,4178,333,5962.9,76149.5,1655.3,1889.3,67,37375.9,541,-2225
2021/2/24,11時,123157.7,4176,334,5773.9,71114.7,1662.3,1862.4,74,42138.4,635,-3903
2021/2/24,12時,116557.4,4175,334,5391.9,68296.2,1649.3,1907.7,79,42718.3,674,-7915
2021/2/24,13時,118607.4,4174,333,5629.9,70768.6,1625.3,1923.2,83,39654.4,655,-5499
2021/2/24,14時,117473.8,4175,331,5805.9,74478.1,1608.3,1918.2,79,32815.3,573,-3654
2021/2/24,15時,116594.8,4175,329,6244.9,81487.9,1624.3,1927.4,72,22263.3,436,-1450
2021/2/24,16時,119152,4169,330,7345.9,93710.5,1632.3,2010.8,0,10177.5,0,-217
2021/2/24,17時,122878,4168,331,8995.9,101512.5,1621.3,2008.7,0,1555.6,0,2683
2021/2/24,18時,127059.5,4167,330,9540.9,102957.5,1621.3,2003.1,0,12.7,0,6427
2021/2/24,19時,124552.5,4172,332,9153.9,102453.2,1625.3,1956.1,0,0,0,4860
2021/2/24,20時,120317.6,4174,329,8440.9,101366.7,1623.3,1866.7,0,0,0,2508
2021/2/24,21時,115467.9,4175,331,7440.9,98947.5,1634.3,1822.2,0,0,0,1121
2021/2/24,22時,109206.8,4173,328,6722.9,94159.9,1642.3,1801.7,0,0,0,381
2021/2/24,23時,105187.6,4175,330,6135.9,91071.4,1646.3,1762,0,0,0,64
2021/2/25,0時,100281.4,4175,327,5521.9,88341.6,1622.2,1737.7,0,0,0,-1438
2021/2/25,1時,99310.1,4173,329,5553.9,88038.9,1617.2,1685.1,0,0,0,-2082
2021/2/25,2時,100992.2,4173,328,5521.9,89127.4,1620.2,1634.7,0,0,0,-1412
2021/2/25,3時,102192,4174,328,5710.9,89409,1619.2,1681.9,0,0,0,-732
2021/2/25,4時,102873.1,4175,328,5888.9,89264.8,1618.2,1648.2,0,0,0,-50
2021/2/25,5時,106034.7,4174,328,6269.9,91456.1,1621.2,1490.5,0,0,0,694
2021/2/25,6時,115191.9,4173,326,6821.9,98445,1618.2,1432.8,0,355,0,2017
2021/2/25,7時,121637.3,4177,327,7244.9,97518.1,1619.2,1276.4,0,7349.7,0,2129
2021/2/25,8時,128441.6,4177,329,7674.9,93083.3,1616.2,1061.5,0,20273.7,0,229
2021/2/25,9時,130228.4,4176,327,7114.9,84769.7,1630.2,1041.4,0,31736.2,0,-568
2021/2/25,10時,127506.9,4176,330,6472.9,76065.4,1651.2,1053,0,39804.4,0,-2050
2021/2/25,11時,124750.2,4175,326,5870.9,73087.6,1661.2,1014.3,0,43094.2,0,-4479
2021/2/25,12時,117504.5,4176,327,5731.9,70074.4,1662.2,954.4,0,41671.6,0,-7088
2021/2/25,13時,119910.6,4173,326,5864.9,74738.2,1628.2,909.7,0,36799.6,0,-4531
2021/2/25,14時,117795.2,4173,328,6079.9,77197.6,1615.2,844,0,28321.5,0,-760
2021/2/25,15時,116470.2,4174,326,6820.9,85070.6,1601.2,673.9,0,17541.6,0,262
2021/2/25,16時,118626.4,4166,327,8266.9,96517.4,1608.2,627.3,0,6440.6,0,680
2021/2/25,17時,121791.9,4167,325,9042.9,102092.5,1609.2,612.2,0,639.1,0,3299
2021/2/25,18時,124424.8,4168,329,9755.9,102988,1612.2,613.2,0,10.5,0,4950
2021/2/25,19時,121128.7,4175,328,9277.9,102139.1,1611.2,603.5,0,0,0,2993
2021/2/25,20時,116160.9,4176,329,8488.9,100009.5,1601.2,615.3,0,0,0,939
2021/2/25,21時,110995.7,4174,328,7367.9,96463.4,1597.2,752.2,0,0,0,308
2021/2/25,22時,105142.1,4175,330,6233.9,92352.6,1586.2,772.4,0,0,0,-310
2021/2/25,23時,100408.4,4173,327,5911.9,88429.4,1587.2,860.9,0,0,0,-882
2021/2/26,0時,94993.2,4174,328,5407.9,83635.5,1586.3,995.5,0,0,0,-1132
2021/2/26,1時,93824.5,4175,329,5361.9,82404.1,1579.3,1052.2,0,0,0,-1074
2021/2/26,2時,95568.8,4175,330,5433.9,83544.7,1585.3,1223.9,0,0,0,-729
2021/2/26,3時,97389.1,4175,329,5632.9,84586.7,1588.3,1400.2,0,0,0,-329
2021/2/26,4時,98141.3,4174,331,5735.9,85059.5,1590.3,1354.6,0,0,0,-97
2021/2/26,5時,100582.9,4174,329,5949.9,87516,1586.3,1256.7,0,0,0,-226
2021/2/26,6時,107730.4,4174,327,6135.9,94013.8,1589.3,1312.4,0,146,0,27
2021/2/26,7時,114889.9,4174,328,6419.9,98455.9,1595.3,1411.8,0,2211,0,296
2021/2/26,8時,125214.1,4174,329,7539.9,102258.7,1587.3,1471,0,5934.2,0,1915
2021/2/26,9時,131298.1,4174,326,8024.9,103464.1,1593.3,1532.2,0,8593.6,0,3588
2021/2/26,10時,129928.2,4174,327,7685.9,101634.4,1595.3,1587.6,0,10366,0,2565
2021/2/26,11時,128486.2,4174,329,7172.9,99551.6,1601.3,1658.4,0,12173,0,1832
2021/2/26,12時,122673.3,4173,328,6270.9,96348.7,1606.3,1853.2,0,11713.2,0,377
2021/2/26,13時,125806.8,4173,327,6549.9,98890.6,1591.3,1926.3,0,10664.7,0,1686
2021/2/26,14時,124563.9,4172,329,6866.9,98576,1585.3,2002,0,8612.7,0,2428
2021/2/26,15時,123007.3,4171,327,7380.9,98960.8,1595.3,2003.2,0,6280.1,0,2293
2021/2/26,16時,124102.5,4170,328,8136.9,100685.4,1603.3,2070.3,0,2938.6,0,4163
2021/2/26,17時,125761,4167,329,9052.9,101392.7,1596.3,2075.5,0,504.6,0,6640
2021/2/26,18時,126820.6,4172,327,9634.9,101626.4,1596.3,2127.3,0,7.7,0,7325
2021/2/26,19時,123015.8,4176,332,8998.9,100830,1596.3,2120.6,0,0,0,4959
2021/2/26,20時,118259.7,4175,332,8423.9,98787,1601.3,2128.5,0,0,0,2816
2021/2/26,21時,113118.8,4175,329,7274.9,95474.1,1598.3,2142.5,0,0,0,2124
2021/2/26,22時,107643.6,4177,332,6412.9,92528.8,1594.3,2162.6,0,0,0,443
2021/2/26,23時,103238.7,4177,329,6093.9,88741.1,1616.3,2110.4,0,0,0,178
2021/2/27,0時,97376.8,4177,331,5591.9,84051.4,1621.3,1930.2,0,0,0,-329
2021/2/27,1時,95906.4,4177,330,5545.9,82783.6,1604.3,1817.6,0,0,0,-362
2021/2/27,2時,97179.7,4174,330,5754.9,83574.1,1588.3,1745.4,0,0,0,7
2021/2/27,3時,98379.4,4176,328,5951.9,84482.9,1586.3,1672.3,0,0,0,178
2021/2/27,4時,98169.2,4177,330,6220.9,83872.6,1585.3,1636.4,0,0,0,347
2021/2/27,5時,97937.8,4176,330,5899.9,83889.9,1585.3,1657.7,0,0,0,404
2021/2/27,6時,100321.9,4178,328,5846.9,86034.9,1582.3,1589.8,0,301,0,463
2021/2/27,7時,103826.7,4174,330,5887.9,84249.8,1592.3,1528,0,5503.7,0,565
2021/2/27,8時,110034.1,4177,331,6651.9,79445.5,1621.3,1410.6,0,16148.8,0,248
2021/2/27,9時,112764.9,4174,331,6685.9,72247,1627.3,1344,0,27296.7,0,-940
2021/2/27,10時,110556.9,4175,331,6002.9,64269.8,1645.3,1282.1,0,36296.8,0,-3446
2021/2/27,11時,108448.3,4176,329,5665.9,60151.9,1645.3,1233.2,0,40581,0,-5333
2021/2/27,12時,104435.9,4175,332,5638.9,56485.7,1653.3,1281.5,0,41093.5,0,-6225
2021/2/27,13時,102637,4173,331,5584.9,57266.3,1645.3,1287.7,0,38323.8,0,-5975
2021/2/27,14時,100226.5,4174,331,5635.9,59623.6,1628.3,1296.3,0,31698.4,0,-4162
2021/2/27,15時,99551.9,4175,329,5850.9,65850,1608.3,1278.5,0,21430.2,0,-970
2021/2/27,16時,102036.9,4167,331,6479.9,78478.4,1607.3,1138.6,0,9206.7,0,627
2021/2/27,17時,108633.2,4167,330,7999.9,89433.6,1592.3,1065.2,0,1169.2,0,2876
2021/2/27,18時,114913.1,4175,331,8850.9,93425.8,1590.3,1027.6,0,6.5,0,5505
2021/2/27,19時,114288.1,4172,330,8492.9,94034.8,1595.3,994.1,0,0,0,4672
2021/2/27,20時,111577.5,4176,331,7785.9,93316.1,1598.3,911.2,0,0,0,3457
2021/2/27,21時,107576.6,4175,330,7101.9,91778.2,1612.3,854.2,0,0,0,1725
2021/2/27,22時,102441.3,4176,330,6222.9,88525,1613.3,808.1,0,0,0,771
2021/2/27,23時,99541.6,4178,329,5845.9,86022.3,1611.3,801.1,0,0,0,755
2021/2/28,0時,95135.2,4176,329,5377.9,82544.5,1594.4,818.4,0,0,0,297
2021/2/28,1時,93759.5,4174,330,5454.9,81217.6,1594.4,854.6,0,0,0,139
2021/2/28,2時,95048.8,4174,330,5961.9,81168.4,1596.4,893.1,0,0,0,933
2021/2/28,3時,96085.7,4175,328,6299.9,81319.9,1600.4,946.5,0,0,0,1424
2021/2/28,4時,95358.2,4175,331,6297.9,80604.9,1596.4,1017,0,0,0,1342
2021/2/28,5時,94369.6,4175,329,6108.9,80308,1596.4,1006.3,0,0,0,849
2021/2/28,6時,95056.8,4176,329,6427.9,80272,1589.4,1066.5,0,510,0,677
2021/2/28,7時,97202.3,4174,327,6183.9,76430.6,1579.4,1047.9,0,6922.5,0,533
2021/2/28,8時,99801.5,4177,326,5608.9,69712.8,1596.4,1019.6,0,17171.8,0,183
2021/2/28,9時,100744.2,4175,324,5251.9,62529.7,1595.4,1067.9,0,27206.3,0,-1408
2021/2/28,10時,98318.7,4175,326,5118.9,57166.9,1622.4,1100.2,0,35144.3,0,-6333
2021/2/28,11時,95750.5,4175,328,5115.9,54365.9,1640.4,1104.8,0,39638.5,0,-10612
2021/2/28,12時,93386.4,4175,323,4921.9,52923.8,1655.4,1110.4,0,40282.9,1,-12002
2021/2/28,13時,90534.2,4174,327,5067.9,53437.1,1648.4,1116.4,0,37038.4,0,-12269
2021/2/28,14時,88272.3,4174,325,5073.9,56359.2,1646.4,1091.3,0,30787.5,0,-11187
2021/2/28,15時,87639.7,4172,323,5431.9,60130.8,1627.4,1028.6,0,21336,0,-6411
2021/2/28,16時,90346.2,4164,324,6432.9,68812.2,1642.4,922.6,0,9509.1,0,-1457
2021/2/28,17時,98511.8,4164,325,7758.9,81186.4,1624.4,1000.7,0,1562.4,0,892
2021/2/28,18時,105403.9,4173,324,8832.9,86746.6,1618.4,1130.9,0,13.1,0,2563
2021/2/28,19時,105134.5,4168,325,8542.9,86907.1,1615.4,1256.1,0,0,0,2321
2021/2/28,20時,102667.4,4174,325,8048.9,85595.1,1609.4,1344,0,0,0,1572
2021/2/28,21時,98589.6,4174,323,7200.9,83344.2,1593.4,1438.1,0,0,0,515
2021/2/28,22時,92823.8,4177,324,5983.9,79113.5,1581.4,1515,0,0,0,133
2021/2/28,23時,89056.5,4178,323,5794.9,75639.6,1579.4,1556.6,0,0,0,-10
